1863
1250
4955
4599
4104
66
4289
2029
530
1162
3064
3540
3900
1453
4346
4347
4824
2596
1869
3976
4233
3463
1777
4788
1910
1613
2385
1797
4792
4815
2966
3840
243
4427
4542
4319
2948
419
2034
995
4520
4738
2972
301
4171
2913
3145
329
4027
1943
4794
2078
4954
2570
2594
4388
4979
3889
1987
1788
4328
2571
1564
4813
2693
2141
3230
366
1899
3022
867
419
1257
1009
1785
4008
1627
794
1435
4952
178
2341
922
851
3991
3984
2002
4679
290
1197
3830
4059
367
4047
4509
2815
4075
1129
4178
1279
1324
2395
4539
1699
3751
1582
2796
3954
1002
836
4632
1496
4014
4836
3175
2752
2329
4971
3624
2478
1436
4685
2841
891
4523
1312
2413
2003
3340
3011
1515
2968
1561
2908
2075
1834
4218
4725
2139
3483
1939
4736
394
3210
10
1818
4778
2638
4438
311
4233
4296
4
2421
4977
2870
183
4718
1871
1400
3418
4499
3149
620
32
1591
3048
2196
152
1083
241
4134
4204
4084
3949
4251
145
2952
321
2857
3357
1568
537
2140
3278
4112
1143
2282
528
4573
4129
4567
4070
2778
1169
3694
694
4479
3183
430
4745
611
9
1155
3377
1384
4024
3435
2576
2483
786
1583
894
4270
1662
799
4334
4608
4838
3185
873
4213
3108
1374
4208
4665
685
4143
2117
1918
1925
4468
135
196
2904
3079
1242
2367
3433
2007
1058
2554
856
3369
4806
875
2653
796
2899
4461
1888
901
3876
3906
2534
1595
1417
1039
2432
4961
2583
4004
2473
4588
1415
2410
4443
1063
2451
3464
3892
113
2794
2720
403
3390
2413
1928
1412
4461
3334
3844
849
4834
2939
31
3658
679
256
1256
4838
1402
2552
3979
3931
703
1229
2033
2772
4677
541
2485
4587
1114
1818
2819
3428
3934
2730
4336
3683
1903
2802
51
4688
3879
2104
1955
2380
448
4272
4815
3505
44
3761
3446
4226
1391
1369
3765
103
827
1019
4751
3613
2456
21
3032
2928
1888
4053
146
894
2293
2766
642
2937
2189
8
1039
64
3495
2959
3621
2121
4379
2477
4888
4862
2403
1813
876
828
2930
1717
2982
4860
2323
4537
1083
3728
2223
539
4280
1410
848
4842
1895
4702
1799
717
3313
1566
3241
2424
280
3437
1279
942
2010
4786
4294
2980
4031
2341
488
1163
3240
2095
2834
616
4434
4613
4920
1486
4990
1162
883
100
234
1625
4300
4774
4267
630
2901
351
899
4549
1158
2355
1074
1412
2191
4565
2385
2775
4343
3659
275
4144
2684
2042
24
128
1214
1415
4800
1702
631
4124
4387
2975
4829
2038
803
4358
849
701
3374
2157
4873
342
3291
92
2900
2124
3612
3003
1791
2722
3247
927
1175
1801
3349
2356
2311
4572
4322
1800
1875
2992
3288
3998
604
4738
427
3733
3897
4058
176
4175
2304
3414
1842
1025
875
4980
2159
3360
134
39
342
1168
3711
1174
1295
3229
3796
4493
4548
2791
1856
4943
2129
1230
3284
3175
1304
4343
4164
259
4951
843
4849
3637
2761
4039
1108
2200
204
3304
1940
748
4210
846
3499
2347
2619
2123
3768
4177
3940
2972
846
3645
2892
3358
2877
4716
4170
4940
4974
4053
3509
331
2385
3952
1142
1241
4211
2057
1013
3258
1059
3915
3184
3903
1093
3673
3891
2785
2907
4588
3767
1431
4454
1120
3696
3682
1160
4532
3073
1188
3656
4730
591
658
1971
2758
2840
2107
1439
3977
3094
371
3953
4925
4591
4232
4345
2092
4353
408
674
4378
1665
2930
2291
323
4840
2845
3766
676
758
3610
2981
2454
3550
4996
723
2684
1799
4911
421
3602
3157
2204
2750
2084
3269
120
2200
1581
53
4883
4941
297
2893
453
949
2016
2588
2494
987
4312
3699
2892
68
2033
2426
749
1342
1169
2861
293
1081
4091
2227
2958
3955
4270
4390
4847
760
3115
1266
3489
1625
2111
4149
2574
1819
981
2969
3451
34
915
1178
1523
3466
3138
516
4478
2699
3923
4439
3730
4977
4873
4522
1101
3140
524
3934
1337
4549
1986
2287
4888
2204
100
1916
3631
1986
2180
4444
2425
2151
1828
3569
2789
2136
1337
4487
1543
3456
3969
413
896
3338
2791
4063
2387
1885
3669
3748
2881
2246
4764
1870
3519
3218
1676
1121
3011
1030
921
4709
4175
1592
2934
4953
4509
2278
1057
3512
2148
1319
3684
4454
2663
4081
3204
1600
151
2825
4727
2273
586
1363
1788
830
4503
1568
3073
4936
510
1781
2059
1445
775
2114
2538
4475
3590
2823
844
4406
4195
2525
4850
2471
2546
3513
4424
443
966
623
1885
1933
1251
4158
3609
550
2166
495
547
4622
1248
4269
3024
3310
1707
44
3275
988
142
1956
932
3753
3701
4621
2110
218
1919
648
322
543
644
3294
4965
4590
4399
2747
1743
576
3601
98
2742
2216
2665
1700
3556
4343
4923
1139
1559
726
2493
4912
3978
249
2888
4851
4382
3167
4094
4218
4277
2277
821
4584
50
70
2331
2959
3043
3069
3557
4905
1750
2603
3578
2182
543
1722
1069
3337
2331
3089
4640
2674
5
2177
1020
1323
986
818
4398
1095
1050
937
3813
3999
3418
3430
2471
2927
2931
3070
4880
155
463
2082
1554
60
4732
4401
1132
376
555
3238
441
3094
4389
2796
186
622
4437
2374
3784
3766
455
3381
2272
436
1762
2347
4120
1307
2934
845
1710
1441
54
3673
1508
2749
345
1604
763
1155
3314
866
2182
101
981
4761
1142
3664
4356
2171
4035
634
851
342
4825
2337
4631
4379
1124
2329
959
1714
4608
2127
706
3302
2161
4172
4223
2909
1551
2673
2345
1485
2851
3067
1369
288
1463
256
3428
2767
4945
3244
3998
1120
2891
2347
1554
1486
2964
974
4735
2168
4995
1289
2500
3191
3564
1412
3590
863
4770
1396
4072
3770
4362
3549
1783
2623
3666
2080
4477
2082
4125
4882
